2
12
13
15
16
18
19
20
21
22
24
25
26
27
28
31
32
34
35
36
38
39
40
41
43
49
50
51
52
55
58
59
60
70
71
72
86
90
91
92
93
94
95
100
101
102
107
108
109
111
112
113
114
115
116
117
124
125
126
127
128
130
131
132
134
135
136
140
142
143
146
147
148
150
151
152
153
154
155
156
157
158
159
165
173
174
182
183
185
186
189
190
191
196
203
207
208
210
211
212
213
215
216
217
218
219
220
221
222
223
224
225
226
229
231
238
239
240
242
244
246
247
248
249
250
251
259
262
270
271
272
275
276
277
278
279
280
283
284
285
290
291
292
293
301
302
306
307
308
309
310
311
312
314
316
317
325
327
328
336
338
348
351
353
354
358
359
361
362
363
367
368
369
375
382
383
384
387
388
389
390
391
399
410
411
412
414
415
416
417
420
432
433
435
439
440
443
444
445
462
466
471
472
475
476
477
478
479
480
486
487
489
490
491
492
493
495
496
501
513
523
545
546
551
552
553
554
558
566
575
576
577
586
587
590
595
596
598
599
602
610
611
622
623
624
629
632
634
635
637
639
640
641
642
645
657
658
659
660
666
671
673
680
683
695
696
699
706
710
712
713
714
715
716
718
719
722
726
727
728
733
759
760
761
762
763
765
766
767
768
770
771
773
774
775
776
777
778
779
780
781
782
783
784
785
786
788
790
795
796
797
799
801
805
808
810
811
814
815
816
817
818
819
821
823
826
827
831
833
834
836
837
838
839
840
841
842
843
846
847
866
867
871
873
874
875
883
885
886
887
909
910
911
912
913
914
916
921
922
931
933
941
942
945
946
949
950
959
960
966
976
978
993
994
995
998
1003
1017
1018
1019
1020
1021
1022
1024
1025
1036
1043
1046
1047
1048
1056
1062
1066
1068
1069
1070
1071
1075
1080
1084
1087
1088
1089
1103
1105
1106
1107
1108
1109
1111
1118
1119
1120
1128
1129
1131
1132
1133
1134
1135
1136
1137
1138
1139
1140
1141
1142
1143
1144
1145
1146
1147
1152
1158
1159
1160
1163
1178
1179
1180
1181
1182
1183
1184
1185
1186
1187
1188
1195
1215
1230
1232
1233
1234
1235
1236
1237
1240
1244
1258
1259
1260
1261
1262
1268
1269
1272
1277
1278
1280
1281
1289
1290
1291
1292
1293
1294
1301
1302
1303
1311
1312
1356
1357
1358
1359
1360
1361
1362
1363
1368
1369
1374
1375
1376
1378
1379
1380
1381
1382
1384
1385
1390
1392
1395
1401
1407
1428
1429
1431
1432
1436
1438
1439
1441
1445
1455
1456
1457
1468
1487
1490
1491
1493
1497
1499
1500
1503
1504
1506
1508
1509
1510
1511
1512
1513
1514
1515
1519
1520
1521
1522
1524
1528
1537
1543
1544
1545
1548
1549
1551
1553
1555
1557
1558
1559
1562
1565
1571
1572
1573
1576
1577
1579
1580
1581
1582
1583
1584
1585
1586
1588
1591
1592
1593
1594
1595
1601
1604
1606
1607
1608
1609
1610
1612
1613
1615
1621
1622
1633
1634
1635
1636
1638
1644
1645
1646
1656
1674
1675
1690
1719
1723
1725
1727
1728
1735
1737
1738
1739
1740
1741
1742
1755
1760
1767
1769
1770
1774
1775
1778
1786
1791
1800
1803
1804
1806
1812
1813
1814
1815
1816
1826
1841
1844
1846
1847
1848
1850
1852
1854
1889
1892
1896
1909
1910
1950
1952
1955
1956
1969
1977
1992
2006
2011
2015
2023
2028
2030
2035
2036
2037
2038
2041
2042
2043
2044
2045
2046
2047
2048
2049
2050
2053
2057
2058
2063
2064
2065
2066
2074
2081
2099
2100
2101
2103
2104
2135
2147
2149
2150
2151
2152
2153
2155
2157
2158
2159
2160
2161
2162
2166
2167
2168
2170
2171
2172
2173
2175
2180
2181
2182
2184
2185
2191
2193
2194
2199
2200
2201
2202
2203
2205
2206
2207
2209
2210
2212
2213
2214
2215
2219
2220
2224
2230
2235
2241
2242
2243
2244
2246
2247
2249
2250
2251
2254
2260
2261
2263
2264
2266
2267
2268
2272
2280
2281
2286
2287
2288
2289
2321
2322
2324
2327
2328
2329
2330
2335
2342
2346
2348
2350
2352
2357
2444
2475
2492
2494
2495
2512
2515
2516
2517
2519
2524
2534
2535
2539
2542
2548
2550
2554
2555
2556
2557
2558
2559
2560
2561
2562
2563
2564
2565
2566
2567
2568
2569
2570
2571
2572
2582
2587
2588
2592
2593
2618
2621
2628
2629
2632
2638
2639
2641
2642
2643
2645
2649
2652
2664
2670
2677
2683
2690
2692
2693
2694
2696
2697
2729
2730
2731
2739
2740
2741
2742
2743
2744
2746
2747
2760
2766
2770
2779
2798
2799
2805
2806
2815
2819
2821
2822
2825
2827
2828
2829
2830
2831
2832
2833
2834
2835
2837
2838
2840
2841
2845
2847
2848
2849
2850
2853
2854
2857
2859
2862
2863
2864
2865
2868
2869
2870
2875
2877
2879
2882
2885
2890
2891
2892
2893
2894
2896
2897
2898
2899
2900
2901
2902
2903
2904
2905
2906
2908
2911
2912
2913
2914
2915
2916
2917
2918
2923
2925
2932
2936
2937
2938
2939
2940
2941
2944
2946
2947
2948
2949
2950
2952
2953
2954
2977
2982
2983
2984
2986
2987
2990
2992
2999
3000
3001
3002
3003
3004
3026
3028
3029
3030
3034
3035
3036
3039
3040
3042
3043
3045
3046
3047
3048
3049
3050
3053
3055
3062
3065
3066
3067
3070
3074
3082
3083
3094
3098
3111
3112
3113
3115
3117
3118
3119
3120
3122
3123
3125
3126
3127
3141
3155
3156
3162
3164
3172
3174
3176
3177
3242
3249
3251
3265
3266
3269
3274
3275
3276
3283
3284
3290
3291
3292
3293
3303
3304
3305
3306
3309
3310
3312
3313
3320
3326
3339
3340
3350
3351
3352
3354
3355
3356
3357
3358
3359
3360
3361
3362
3363
3371
3373
3375
3376
3383
3385
3416
3417
3418
3423
3426
3454
3455
3458
3459
3460
3479
3480
3482
3486
3490
3491
3551
3553
3554
3558
3559
3560
3561
3562
3563
3567
3569
3576
3577
3590
3593
3612
3613
3614
3615
3623
3627
3628
3630
3632
3636
3640
3643
3645
3654
3655
3656
3669
3672
3673
3674
3676
3678
3679
3680
3681
3682
3683
3684
3685
3687
3688
3689
3690
3691
3693
3694
3695
3696
3697
3698
3699
3702
3705
3706
3708
3710
3712
3714
3716
3717
3718
3725
3726
3727
3735
3736
3737
3738
3739
3741
3742
3743
3744
3746
3748
3749
3750
3751
3752
3753
3754
3755
3756
3757
3758
3759
3760
3761
3762
3763
3764
3765
3766
3767
3768
3769
3770
3772
3773
3775
3776
3777
3778
3779
3780
3781
3782
3783
3784
3785
3786
3787
3788
3790
3791
3792
3795
3815
3816
3817
3818
3827
3832
3845
3848
3849
3850
3851
3852
3853
3854
3855
3856
3887
3888
3889
3890
3892
3908
3909
3910
3911
3912
3913
3914
3915
3918
3929
3932
3934
3938
3939
3945
3948
3949
3958
3959
3963
3973
3978
3980
3984
3985
3990
3992
3995
3998
4012
4018
4023
4025
4035
4036
4038
4040
4041
4047
4048
4049
4050
4051
4053
4054
4057
4058
4063
4067
4069
4074
4094
4117
4122
4126
4128
4129
4130
4133
4139
4140
4141
4142
4143
4144
4145
4147
4148
4151
4153
4158
4159
4160
4161
4185
4191
4193
4199
4200
4210
4214
4215
4216
4217
4224
4225
4233
4234
4239
4240
4241
4245
4255
4281
4282
4284
4285
4292
4293
4294
4296
4306
4308
4311
4312
4313
4314
4316
4317
4318
4319
4320
4321
4322
4323
4324
4325
4326
4327
4329
4342
4353
4360
4363
4481
4482
4485
4486
4507
4522
4524
4543
4544
4547
4548
4552
4583
4593
4594
4598
4613
4629
4632
4634
4635
4637
4638
4668
4669
4677
4680
4685
4690
4718
4747
4750
4751
4758
4759
4772
4775
4776
4790
4791
4792
4794
4811
4820
4829
4835
4836
4837
4842
4843
4846
4851
4852
4856
4860
4864
4879
4881
4882
4883
4887
4889
4893
4897
4898
4907
4914
4915
4916
4919
4920
4921
4923
4935
4938
4942
4946
4947
4952
4953
4974
4982
4985
4986
4987
4988
4991
4992
4994
5002
5004
5005
5009
5020
5021
5024
5025
5026
5027
5028
5029
5030
5031
5033
5034
5036
5037
5045
5046
5047
5053
5054
5055
5058
5063
5066
5069
5071
5082
5091
5092
5095
5096
5099
5104
5105
5108
5110
5118
5119
5122
5125
5126
5130
5132
5136
5137
5138
5139
5140
5141
5142
5143
5144
5145
5146
5148
5149
5150
5151
5152
5153
5156
5158
5159
5162
5163
5164
5166
5167
5168
5169
5170
5173
5176
5184
5196
5197
5198
5199
5207
5210
5217
5222
5225
5226
5228
5229
5230
5236
5241
5243
5244
5251
5256
5260
5261
5264
5265
5267
5268
5269
5270
5271
5272
5273
5274
5275
5276
5286
5287
5288
5289
5292
5293
5294
5295
5296
5304
5306
5311
5313
5315
5319
5320
5321
5322
5327
5328
5329
5330
5331
5332
5333
5334
5335
5336
5337
5338
5340
5342
5345
5347
5351
5352
5360
5375
5395
5406
5407
5408
5409
5422
5423
5424
5426
5427
5430
5432
5443
5444
5445
5446
5447
5465
5467
5468
5470
5471
5473
5478
5479
5480
5481
5499
5500
5501
5515
5516
5530
5531
5532
5533
5534
5535
5536
5537
5538
5539
5550
5553
5557
5562
5563
5564
5565
5566
5567
5568
5573
5577
5578
5579
5580
5581
5582
5583
5584
5585
5586
5587
5588
5590
5592
5593
5594
5595
5596
5597
5598
5599
5600
5601
5602
5603
5604
5606
5607
5608
5609
5610
5613
5618
5621
5624
5625
5627
5630
5631
5634
5644
5645
5646
5648
5650
5652
5653
5654
5655
5657
5660
5669
5670
5671
5672
5673
5675
5676
5678
5680
5681
5689
5690
5693
5696
5707
5708
5723
5728
5729
5731
5732
5733
5734
5737
5739
5740
5741
5742
5743
5745
5747
5753
5754
5768
5770
5771
5774
5775
5777
5778
5780
5781
5782
5783
5784
5786
5787
5788
5789
5791
5792
5793
5794
5795
5796
5797
5798
5799
5800
5801
5802
5803
5805
5813
5816
5831
5832
5833
5834
5836
5837
5858
5871
5872
5879
5880
5881
5894
5898
5899
5903
5906
5908
5911
5912
5914
5915
5916
5917
5918
5925
5934
5947
5948
5949
5950
5956
5959
5962
5966
5967
5970
5971
5972
5973
5979
5980
5988
5989
6005
6006
6007
6009
6010
6011
6014
6016
6017
6035
6036
6037
6038
6051
6059
6091
6093
6095
6096
6097
6098
6183
6195
6196
6197
6198
6199
6237
6240
6241
6256
6257
6258
6259
6261
6262
6263
6271
6275
6282
6283
6284
6285
6286
6288
6289
6291
6300
6301
6303
6317
6318
6323
6324
6326
6327
6328
6329
6330
6331
6332
6334
6335
6336
6337
6338
6339
6340
6344
6347
6352
6354
6355
6356
6357
6359
6364
6368
6383
6386
6387
6389
6390
6392
6401
6402
6403
6416
6462
6470
6472
6476
6505
6506
6507
6508
6509
6510
6511
6512
6513
6514
6515
6517
6518
6519
6520
6521
6522
6523
6527
6528
6529
6530
6531
6532
6533
6534
6535
6536
6538
6539
6540
6541
6542
6543
6545
6546
6547
6548
6549
6550
6553
6554
6555
6557
6558
6559
6560
6561
6564
6565
6566
6567
6568
6570
6571
6572
6573
6576
6578
6579
6580
6582
6583
6584
6585
6586
6594
6595
6597
6608
6609
6610
6611
6614
6616
6622
6626
6646
6647
6648
6650
6652
6653
6675
6677
6678
6697
6709
6711
6713
6714
6715
6716
6718
6723
6725
6732
6733
6737
6741
6750
6751
6752
6753
6754
6755
6768
6772
6773
6774
6775
6777
6781
6783
6785
6787
6789
6790
6792
6793
6815
6817
6820
6822
6833
6843
6844
6850
6853
6857
6860
6861
6862
6863
6865
6868
6869
6870
6897
6898
6900
6906
6915
6916
6947
6948
7001
7006
7010
7015
7018
7025
7026
7030
7035
7038
7040
7042
7043
7046
7047
7048
7051
7052
7053
7054
7056
7057
7058
7059
7060
7067
7068
7075
7082
7083
7086
7087
7092
7093
7096
7097
7101
7113
7123
7124
7125
7132
7133
7134
7143
7148
7150
7153
7155
7156
7161
7166
7167
7173
7175
7177
7179
7181
7182
7184
7201
7204
7220
7222
7223
7224
7225
7226
7253
7263
7272
7273
7274
7275
7276
7277
7278
7280
7283
7294
7296
7297
7298
7299
7301
7306
7350
7351
7352
7357
7358
7371
7372
7373
7374
7376
7384
7385
7389
7399
7407
7412
7416
7417
7419
7421
7422
7423
7431
7433
7434
7436
7442
7443
7448
7450
7453
7454
7465
7498
7518
7525
7534
7535
7544
7706
7707
7726
7786
7803
7804
7837
7846
7850
7852
7855
7867
7881
7915
7957
7976
7980
8001
8013
8029
8034
8038
8111
8140
8148
8153
8192
8241
8273
8277
8284
8288
8295
8322
8324
8325
8326
8372
8383
8386
8387
8388
8390
8392
8398
8399
8404
8408
8411
8416
8424
8425
8428
8431
8435
8436
8438
8444
8445
8446
8447
8467
8468
8476
8477
8483
8484
8491
8492
8503
8506
8507
8513
8514
8515
8516
8526
8527
8529
8532
8536
8547
8550
8555
8556
8558
8565
8566
8573
8574
8590
8600
8604
8608
8622
8623
8630
8639
8644
8647
8654
8658
8671
8685
8692
8694
8701
8702
8703
8704
8710
8711
8714
8722
8728
8747
8748
8749
8751
8754
8756
8766
8767
8771
8773
8777
8778
8785
8789
8798
8801
8803
8808
8811
8823
8824
8828
8829
8833
8836
8838
8839
8840
8841
8844
8854
8856
8858
8867
8871
8879
8884
8897
8898
8899
8904
8911
8912
8913
8924
8932
8942
8972
8973
8974
8985
8986
8989
8997
8999
9002
9016
9020
9024
9033
9034
9037
9038
9052
9054
9056
9057
9058
9064
9066
9068
9088
9103
9110
9118
9119
9120
9121
9122
9123
9132
9149
9152
9159
9162
9175
9177
9194
9196
9201
9212
9218
9227
9244
9248
9249
9252
9254
9261
9263
9277
9283
9287
9290
9311
9312
9313
9331
9332
9333
9334
9340
9341
9344
9353
9356
9358
9360
9376
9388
9397
9402
9407
9414
9415
9420
9423
9424
9429
9446
9448
9451
9453
9468
9472
9475
9476
9478
9481
9497
9507
9508
9509
9510
9512
9517
9520
9540
9557
9568
9572
9578
9581
9607
9619
9620
9622
9625
9635
9641
9651
9673
9706
9718
9734
9748
9759
9791
9829
9830
9833
9836
9843
9855
9874
9886
9891
9900
9914
9934
9943
9955
9957
9962
9963
9968
9970
9971
9975
9990
10000
10003
10004
10007
10013
10014
10017
10020
10021
10039
10050
10056
10057
10058
10060
10062
10076
10085
10089
10096
10097
10105
10110
10111
10114
10120
10121
10130
10131
10143
10149
10160
10165
10166
10170
10188
10190
10203
10206
10207
10216
10218
10221
10242
10246
10247
10257
10266
10267
10268
10280
10290
10295
10298
10308
10316
10319
10327
10333
10343
10346
10347
10349
10350
10351
10352
10362
10376
10381
10382
10383
10385
10390
10394
10398
10420
10423
10449
10450
10451
10461
10462
10465
10468
10479
10493
10494
10498
10516
10536
10544
10553
10558
10560
10576
10578
10587
10595
10599
10606
10616
10645
10667
10673
10692
10694
10699
10721
10723
10725
10733
10738
10739
10746
10747
10750
10753
10769
10786
10797
10798
10800
10803
10808
10840
10841
10846
10847
10855
10864
10875
10880
10881
10886
10887
10888
10893
10901
10914
10917
10936
10942
10988
10991
10993
10994
11011
11012
11019
11035
11040
11043
11085
11086
11093
11095
11096
11099
11113
11119
11122
11128
11131
11136
11173
11174
11183
11184
11185
11188
11194
11198
11199
11200
11202
11211
11212
11213
11221
11232
11238
11240
11250
11251
11253
11254
11255
11266
11280
11285
11309
11315
11329
11330
11333
22795
22798
22800
22801
22802
22808
22820
22826
22829
22853
22858
22871
22875
22895
22901
22921
22934
22953
22977
22978
22983
23007
23031
23037
23042
23052
23087
23114
23132
23136
23139
23145
23166
23171
23193
23195
23207
23208
23213
23216
23221
23225
23228
23236
23266
23287
23305
23307
23315
23317
23357
23395
23398
23408
23415
23416
23418
23428
23430
23432
23433
23438
23446
23452
23456
23457
23460
23461
23464
23475
23491
23513
23515
23530
23538
23539
23541
23553
23564
23569
23576
23596
23617
23620
23621
23632
23649
23654
23657
23678
23682
23683
23732
23743
23746
23759
23761
23767
23768
23769
23788
25788
25797
25818
25819
25821
25823
25824
25825
25840
25865
25870
25878
25885
25893
25902
25930
25960
25974
25989
26038
26085
26095
26154
26188
26189
26191
26212
26229
26245
26248
26251
26257
26266
26279
26281
26289
26330
26333
26341
26469
26476
26493
26494
26496
26503
26529
26532
26533
26534
26538
26539
26576
26577
26648
26658
26659
26664
26682
26692
26696
26735
26737
26740
26750
26996
27010
27012
27030
27032
27034
27036
27039
27071
27087
27094
27095
27102
27115
27133
27134
27136
27141
27148
27158
27159
27165
27180
27181
27199
27201
27202
27232
27239
27286
27289
27292
27299
27301
27304
27329
27330
27334
27345
27347
27429
27430
27436
28231
28232
28234
28514
28951
28960
28976
28983
29101
29104
29110
29785
29850
29881
29909
29920
29924
29933
29941
29943
29948
29953
29958
29959
29967
29968
29980
29984
30811
30814
30817
30849
43847
43849
50484
50487
50509
50632
50700
50801
50814
50834
50835
50836
50837
50848
50940
51004
51056
51060
51061
51067
51091
51102
51109
51127
51129
51135
51156
51166
51167
51170
51172
51174
51175
51181
51196
51207
51228
51265
51279
51284
51289
51290
51291
51292
51297
51302
51305
51310
51311
51321
51347
51350
51360
51365
51378
51380
51393
51409
51412
51451
51458
51475
51520
51554
51582
51596
51599
51601
51645
51657
51661
51676
51686
51701
51702
51703
51704
51727
51734
51741
51760
51802
51806
51807
51816
53343
53353
53354
53373
53616
53635
53829
53831
53836
53838
53840
53904
53905
53919
53938
53940
53942
54101
54106
54107
54112
54205
54207
54210
54329
54407
54413
54437
54490
54498
54509
54529
54566
54583
54629
54677
54714
54716
54760
54764
54778
54795
54822
54861
54884
54898
54905
54957
54961
54963
54977
54980
54995
55011
55024
55033
55034
55072
55089
55114
55117
55118
55128
55163
55170
55184
55193
55214
55217
55223
55239
55247
55262
55283
55293
55304
55312
55329
55349
55351
55356
55359
55507
55512
55515
55521
55530
55554
55561
55577
55584
55600
55613
55617
55636
55662
55699
55733
55773
55799
55800
55821
55846
55867
55869
55872
55879
55890
55902
55907
55959
55966
56155
56157
56171
56241
56265
56267
56301
56302
56341
56344
56474
56479
56547
56603
56606
56623
56649
56655
56656
56659
56670
56683
56898
56916
56922
56923
56934
56952
56953
56996
57007
57010
57016
57026
57030
57038
57053
57084
57094
57105
57115
57118
57124
57127
57144
57153
57168
57172
57176
57180
57191
57192
57211
57282
57381
57393
57404
57410
57453
57462
57467
57468
57486
57502
57505
57512
57551
57555
57582
57628
57634
57649
57664
57665
57669
57680
57704
57709
57716
57758
57761
57787
57826
57834
57864
58190
58472
58480
58488
58510
59272
59277
59285
59338
59340
59341
59344
60481
60482
60509
60676
63826
63904
63923
63924
64063
64066
64087
64097
64100
64106
64123
64137
64146
64175
64221
64241
64359
64386
64478
64499
64577
64582
64600
64645
64699
64714
64759
64802
64805
64816
64834
64840
64849
64850
64902
65010
65018
65125
65263
65266
65267
65268
65975
78986
79001
79054
79085
79097
79148
79172
79178
79187
79258
79290
79295
79310
79317
79324
79339
79345
79370
79473
79501
79541
79544
79572
79587
79642
79676
79705
79710
79711
79731
79751
79807
79841
79850
79858
79861
79874
79896
79987
79993
80020
80036
80070
80095
80122
80128
80150
80205
80209
80222
80231
80308
80341
80352
80704
80724
80736
80777
80834
80835
80975
81027
81031
81033
81034
81035
81050
81061
81099
81127
81168
81282
81285
81300
81309
81327
81328
81341
81392
81442
81448
81469
81470
81472
81491
81501
81533
81539
81562
81567
81578
81621
81693
81696
81697
81786
81788
81792
81794
81797
81931
83416
83417
83447
83550
83551
83552
83693
83694
83697
83714
83733
83756
83758
83795
83854
83856
83872
83884
83886
83931
83933
83942
83959
83983
83986
84000
84033
84059
84076
84083
84129
84162
84168
84171
84172
84179
84181
84203
84239
84255
84258
84263
84282
84329
84332
84435
84446
84465
84467
84532
84617
84628
84630
84634
84636
84641
84679
84706
84727
84767
84790
84804
84812
84816
84824
84867
84869
84871
84873
84883
84889
84929
84930
84975
84978
85004
85007
85301
85313
85320
85378
85413
85414
85443
85464
85481
89122
89777
89778
89790
89801
89822
89832
89845
89858
89869
89870
89874
90134
90167
90273
90459
90806
91039
91074
91107
91355
91419
91653
91703
91754
91860
91862
92106
92483
92745
92935
93034
93492
93589
93979
94030
94031
94033
94039
94122
94160
94233
95681
96764
112398
112399
112464
112483
112714
112724
112802
112858
113026
113235
113451
113457
113612
113675
114112
114132
114134
114571
114625
114783
114784
114788
114789
114899
115286
115294
115330
115352
115704
116085
116179
116362
116442
116443
116444
116447
116512
116534
116535
116843
116969
117144
117159
117194
117195
117196
117247
118429
118442
118856
119391
119548
119587
119678
119682
119687
119692
119694
119695
119749
119764
119765
119772
119774
120065
120066
120103
120227
120586
120775
120776
120787
120793
120796
120892
121130
121275
121278
121364
121391
121642
122011
122618
122622
122740
122742
122748
123096
123283
123722
124538
124583
124935
124976
125206
125931
125958
125962
125963
125972
126129
126133
126321
126370
126541
126969
127059
127062
127064
127068
127069
127074
127077
127385
127623
127833
127943
128360
128367
128368
128371
128372
128653
128674
128859
128861
129642
129868
130399
130589
130749
131034
131096
131566
131890
132612
132724
134083
134391
134860
134864
135892
135924
135948
136853
137362
137902
137970
138639
138802
138804
138805
138881
138882
138883
139189
139378
139596
139728
139741
139760
140465
140469
140609
140625
140683
140706
140766
140803
140807
140901
142679
142683
142910
143425
143458
143496
143502
143503
144124
144125
144195
144501
144568
145226
145264
145389
145482
145497
146057
146547
147015
147407
147746
148252
148281
149420
149954
149998
150681
151306
151473
151556
153201
153579
153642
154091
154141
154664
154807
155184
155185
157506
157680
157724
158131
159963
160287
160428
160728
160851
162466
162514
162515
162699
162998
163126
163688
164656
165082
165140
165829
166614
166647
166655
166785
166929
167681
168544
169044
169270
169522
169714
170572
170689
170692
170850
171019
171177
196335
196374
196394
196410
196743
196883
199974
200008
200879
200895
200959
201140
201232
201292
201305
201780
202333
202374
203068
203100
203427
203447
204851
206358
207063
219428
219429
219431
219432
219436
219437
219438
219447
219453
219464
219469
219473
219477
219479
219482
219484
219493
219699
219743
219858
219873
219874
219875
219952
219954
219956
219957
219958
219959
219960
219965
219968
219981
219982
219983
219986
220963
221120
221357
221395
221823
221935
222484
222487
222658
222663
223075
225689
246213
253827
253935
254240
254783
254879
254973
255239
255631
255967
256144
256148
256394
256471
256892
257019
257202
257240
259249
260293
260429
266629
282679
282763
282770
282775
283092
283093
283111
283130
283159
283160
283162
283189
283208
283297
283316
283365
283377
283455
283471
283659
283871
284086
284111
284119
284217
284273
284293
284349
284366
284383
284427
284433
284439
284521
284656
284723
284904
284958
285193
285195
285220
285237
285242
285313
285335
285601
285641
285659
285755
285761
285973
286133
286204
286362
286365
286530
286676
286887
317701
317703
319100
319101
326625
327657
338398
338599
338662
338674
338675
338751
338755
339175
339403
339896
339967
339976
340024
340075
340273
340351
340562
340706
340980
340990
341152
341208
341276
341277
341350
341359
341416
341418
341568
341676
341799
342372
342931
343169
343171
343172
343173
343413
343450
343563
343641
344561
344658
344805
345274
345651
347088
347168
347169
347252
347365
347468
347527
347733
347736
348932
348980
349565
353142
353143
353164
353189
353238
353345
353355
359710
360200
373156
374462
375033
375449
375748
375790
377677
378807
386746
387129
387509
387775
388228
388551
388662
389015
389090
389208
389840
390036
390038
390054
390058
390059
390061
390063
390064
390066
390067
390072
390075
390077
390079
390081
390083
390093
390113
390142
390148
390151
390152
390154
390155
390157
390162
390174
390181
390190
390191
390195
390199
390201
390212
390260
390264
390265
390271
390275
390326
390327
390429
390431
390433
390436
390437
390439
390442
390445
390648
390649
390882
390883
390892
391013
391059
391107
391109
391112
391189
391190
391191
391192
391194
391195
391196
391211
392309
392376
392390
392391
392392
399512
401665
401992
402135
403239
403244
403278
414301
415116
431705
440044
440153
440275
440387
440435
440533
441024
441509
441608
441639
441669
441670
441911
441933
442186
442247
504189
619373
643834
646480
653129
653145
728113
728294
728458
729230
729330
729759
100506742
